sz000780	平庄能源	　5.13	+0.47	+10.086%	5.13	0.00	4.66	4.66	5.13	4.65	349,751	17,406.28	收藏	股吧
sh600273	嘉化能源	　9.52	+0.87	+10.058%	9.52	0.00	8.65	8.65	9.52	8.60	868,938	80,558.75	收藏	股吧
sz000850	华茂股份	　6.03	+0.55	+10.036%	6.03	0.00	5.48	5.71	6.03	5.71	287,988	17,329.69	收藏	股吧
sh601611	中国核建	　9.76	+0.89	+10.034%	9.76	0.00	8.87	9.76	9.76	9.76	11,265	1,099.47	收藏	股吧
sh600060	海信电器	　18.10	+1.65	+10.030%	18.10	0.00	16.45	16.71	18.10	16.71	323,204	57,979.18	收藏	股吧
sz000655	金岭矿业	　7.90	+0.72	+10.028%	7.90	0.00	7.18	7.58	7.90	7.57	151,299	11,908.59	收藏	股吧
sz300515	三德科技	　19.87	+1.81	+10.022%	19.87	0.00	18.06	19.87	19.87	19.87	104	20.75	收藏	股吧
sh600241	时代万恒	　15.48	+1.41	+10.021%	15.48	0.00	14.07	15.48	15.48	15.48	4,272	661.32	收藏	股吧
sh600459	贵研铂业	　27.01	+2.46	+10.020%	27.01	0.00	24.55	25.90	27.01	25.33	237,398	62,542.42	收藏	股吧
sz300151	昌红科技	　13.51	+1.23	+10.016%	13.51	0.00	12.28	12.32	13.51	12.32	100,223	13,401.06	收藏	股吧
sz002800	天顺股份	　34.83	+3.17	+10.013%	34.83	0.00	31.66	34.83	34.83	34.83	535	186.40	收藏	股吧
sh603737	三棵树	　49.23	+4.48	+10.011%	49.23	0.00	44.75	49.23	49.23	49.23	1,086	534.70	收藏	股吧
sh603822	嘉澳环保	　59.35	+5.40	+10.009%	59.34	59.35	53.95	53.93	59.35	53.93	68,824	39,287.09	收藏	股吧
sh603936	博敏电子	　48.91	+4.45	+10.009%	48.91	0.00	44.46	44.50	48.91	44.03	152,189	71,462.42	收藏	股吧
sz002484	江海股份	　16.71	+1.52	+10.007%	16.71	0.00	15.19	15.62	16.71	15.50	513,991	84,547.98	收藏	股吧
sz300492	山鼎设计	　46.39	+4.22	+10.007%	46.39	0.00	42.17	42.58	46.39	42.28	62,927	28,029.72	收藏	股吧
sz002030	达安基因	　30.13	+2.74	+10.004%	30.13	0.00	27.39	27.99	30.13	27.99	536,556	160,683.94	收藏	股吧
sz300310	宜通世纪	　30.13	+2.74	+10.004%	30.13	0.00	27.39	29.06	30.13	29.06	34,216	10,273.22	收藏	股吧
sz300513	恒泰实达	　53.00	+4.82	+10.004%	53.00	0.00	48.18	53.00	53.00	53.00	1,178	624.52	收藏	股吧
sh603701	德宏股份	　72.47	+6.59	+10.003%	72.47	0.00	65.88	65.31	72.47	65.25	81,190	57,254.25	收藏	股吧
sz300109	新开源	　58.95	+5.36	+10.002%	58.95	0.00	53.59	53.75	58.95	53.75	17,005	9,908.60	收藏	股吧
sz300503	昊志机电	　70.39	+6.40	+10.002%	70.39	0.00	63.99	63.15	70.39	63.15	85,788	57,820.25	收藏	股吧
sh600192	XD长城电	　10.89	+0.99	+10.000%	10.89	0.00	9.90	10.16	10.89	9.83	698,189	73,853.51	收藏	股吧
sh600746	江苏索普	　10.12	+0.92	+10.000%	10.12	0.00	9.20	9.33	10.12	9.27	161,615	16,072.43	收藏	股吧
sh603131	上海沪工	　25.74	+2.34	+10.000%	25.74	0.00	23.40	25.74	25.74	25.74	131	33.64	收藏	股吧
sh603959	百利科技	　42.35	+3.85	+10.000%	42.35	0.00	38.50	38.00	42.35	38.00	233,529	93,238.07	收藏	股吧
sz000062	深圳华强	　26.73	+2.43	+10.000%	26.73	0.00	24.30	24.35	26.73	24.35	139,573	36,485.71	收藏	股吧
sz002203	海亮股份	　7.59	+0.69	+10.000%	7.59	0.00	6.90	7.59	7.59	7.59	82,461	6,258.75	收藏	股吧
sz300008	天海防务	　31.57	+2.87	+10.000%	31.57	0.00	28.70	28.66	31.57	28.43	116,358	35,336.19	收藏	股吧
sz300013	新宁物流	　16.94	+1.54	+10.000%	16.94	0.00	15.40	16.94	16.94	16.10	163,480	27,642.84	收藏	股吧
sz300368	汇金股份	　28.93	+2.63	+10.000%	28.93	0.00	26.30	26.80	28.93	26.80	311,842	88,898.92	收藏	股吧
sz300456	耐威科技	　65.78	+5.98	+10.000%	65.78	0.00	59.80	59.20	65.78	59.10	67,700	43,656.94	收藏	股吧
sz300507	苏奥传感	　118.03	+10.73	+10.000%	118.03	0.00	107.30	106.20	118.03	106.02	56,006	62,502.24	收藏	股吧
sz300508	维宏股份	　193.05	+17.55	+10.000%	193.05	0.00	175.50	173.77	193.05	170.07	35,642	65,072.53	收藏	股吧
sz002798	帝王洁具	　63.59	+5.78	+9.998%	63.59	0.00	57.81	63.59	63.59	63.59	2,524	1,605.28	收藏	股吧
sz300401	花园生物	　24.54	+2.23	+9.996%	24.54	0.00	22.31	22.50	24.54	22.32	109,607	26,121.10	收藏	股吧
sz300505	川金诺	　57.33	+5.21	+9.996%	57.33	0.00	52.12	52.61	57.33	52.47	84,021	46,592.61	收藏	股吧
sz002352	鼎泰新材	　35.77	+3.25	+9.994%	35.77	0.00	32.52	35.77	35.77	35.77	2,715	971.26	收藏	股吧
sz300516	久之洋	　76.38	+6.94	+9.994%	76.38	0.00	69.44	76.38	76.38	76.38	586	447.66	收藏	股吧
sz000070	特发信息	　25.76	+2.34	+9.991%	25.76	0.00	23.42	23.32	25.76	23.32	104,287	26,453.91	收藏	股吧
sz300396	迪瑞医疗	　37.87	+3.44	+9.991%	37.87	0.00	34.43	34.47	37.87	34.47	49,331	18,301.26	收藏	股吧
sh600714	金瑞矿业	　11.45	+1.04	+9.990%	11.45	0.00	10.41	10.40	11.45	10.34	133,153	14,906.34	收藏	股吧
sh601127	小康股份	　10.13	+0.92	+9.989%	10.13	0.00	9.21	10.13	10.13	10.13	255	25.80	收藏	股吧
sz002618	丹邦科技	　27.97	+2.54	+9.988%	27.97	0.00	25.43	25.63	27.97	25.63	124,078	34,470.05	收藏	股吧
sz002799	环球印务	　18.50	+1.68	+9.988%	18.50	0.00	16.82	18.50	18.50	18.50	146	27.09	收藏	股吧
sz300009	安科生物	　27.20	+2.47	+9.988%	27.20	0.00	24.73	25.49	27.20	25.49	170,643	46,060.95	收藏	股吧
sz002112	三变科技	　25.44	+2.31	+9.987%	25.44	0.00	23.13	25.44	25.44	25.44	23,644	6,014.92	收藏	股吧
sz300016	北陆药业	　21.38	+1.94	+9.979%	21.38	0.00	19.44	19.60	21.38	19.60	110,685	23,360.77	收藏	股吧
sh600490	鹏欣资源	　8.71	+0.79	+9.975%	8.71	0.00	7.92	8.71	8.71	8.65	874,508	76,169.24	收藏	股吧
sz300099	尤洛卡	　8.38	+0.76	+9.974%	8.38	0.00	7.62	7.70	8.38	7.70	310,238	25,385.48	收藏	股吧
sz000682	东方电子	　5.52	+0.50	+9.960%	5.52	0.00	5.02	5.15	5.52	5.13	322,712	17,571.14	收藏	股吧
sh600764	中电广通	　26.89	+2.42	+9.890%	26.86	26.87	24.47	24.63	26.92	24.63	188,528	50,410.11	收藏	股吧
sz300078	思创医惠	　32.00	+2.86	+9.815%	32.00	32.01	29.14	29.16	32.05	29.16	321,926	100,933.40	收藏	股吧
sz300506	名家汇	　48.98	+4.28	+9.575%	48.97	48.98	44.70	44.85	49.00	44.85	91,087	42,729.20	收藏	股吧
sz300457	赢合科技	　81.53	+6.93	+9.290%	81.53	81.58	74.60	75.00	82.06	74.03	116,607	92,692.48	收藏	股吧
sh600210	紫江企业	　6.48	+0.53	+8.908%	6.48	6.50	5.95	6.54	6.55	6.23	3,348,904	216,431.34	收藏	股吧
sz002631	德尔未来	　27.20	+2.20	+8.800%	27.20	27.21	25.00	25.11	27.50	24.80	600,337	156,122.83	收藏	股吧
sh601313	江南嘉捷	　16.23	+1.28	+8.562%	16.23	16.24	14.95	14.60	16.45	14.47	421,548	66,461.33	收藏	股吧
sh601001	大同煤业	　5.09	+0.40	+8.529%	5.09	5.10	4.69	4.70	5.15	4.70	452,300	22,503.32	收藏	股吧
sz000532	力合股份	　17.57	+1.38	+8.524%	17.57	17.58	16.19	16.80	17.80	16.58	402,153	69,711.09	收藏	股吧
sz002793	东音股份	　58.99	+4.58	+8.418%	58.98	58.99	54.41	54.42	59.65	54.42	91,638	52,269.42	收藏	股吧
sh600083	博信股份	　20.72	+1.59	+8.312%	20.70	20.75	19.13	19.32	21.04	18.83	54,872	11,086.33	收藏	股吧
sz002795	永和智控	　55.10	+4.07	+7.976%	55.09	55.10	51.03	51.33	56.00	51.33	84,375	45,139.02	收藏	股吧
sz300117	嘉寓股份	　6.64	+0.49	+7.967%	6.64	6.65	6.15	6.13	6.72	6.09	461,785	29,770.29	收藏	股吧
sz300248	新开普	　25.82	+1.90	+7.943%	25.81	25.82	23.92	23.95	26.31	23.95	185,264	48,031.80	收藏	股吧
sz002040	南 京 港	　12.39	+0.91	+7.927%	12.38	12.39	11.48	11.52	12.50	11.52	113,200	13,672.27	收藏	股吧
sz300062	中能电气	　22.60	+1.66	+7.927%	22.59	22.60	20.94	21.99	23.03	21.82	166,556	37,524.48	收藏	股吧
sz300449	汉邦高科	　51.30	+3.65	+7.660%	51.30	51.33	47.65	47.69	52.20	47.69	71,143	35,810.03	收藏	股吧
sz300031	宝通科技	　24.35	+1.73	+7.648%	24.32	24.35	22.62	22.66	24.45	22.66	78,548	18,413.18	收藏	股吧
sz002788	鹭燕医药	　58.04	+4.12	+7.641%	58.03	58.04	53.92	53.99	58.69	53.98	64,837	36,613.08	收藏	股吧
sz300174	元力股份	　25.67	+1.80	+7.541%	25.67	25.68	23.87	23.89	26.19	23.88	83,967	21,113.63	收藏	股吧
sz300171	东富龙	　18.64	+1.30	+7.497%	18.64	18.65	17.34	17.41	19.07	17.41	213,073	39,695.34	收藏	股吧
sz002787	华源包装	　50.10	+3.39	+7.258%	50.09	50.10	46.71	47.50	50.70	47.01	84,420	41,570.09	收藏	股吧
sz000966	长源电力	　14.66	+0.99	+7.242%	14.66	14.67	13.67	14.08	15.04	14.07	306,187	44,628.64	收藏	股吧
sh600971	恒源煤电	　5.52	+0.37	+7.184%	5.49	5.50	5.15	5.19	5.67	5.19	433,823	23,518.81	收藏	股吧
sz002779	中坚科技	　66.99	+4.48	+7.167%	66.99	67.00	62.51	62.51	67.85	62.51	52,654	34,225.58	收藏	股吧
sz002545	东方铁塔	　7.85	+0.52	+7.094%	7.85	7.86	7.33	7.33	8.06	7.33	283,666	22,400.98	收藏	股吧
sz300206	理邦仪器	　11.20	+0.74	+7.075%	11.20	11.21	10.46	10.54	11.51	10.54	421,642	47,530.58	收藏	股吧
sz002733	雄韬股份	　30.48	+2.00	+7.022%	30.48	30.49	28.48	28.66	31.33	28.66	333,006	102,275.43	收藏	股吧
sz300345	红宇新材	　10.49	+0.68	+6.932%	10.48	10.49	9.81	9.87	10.78	9.84	202,406	21,147.64	收藏	股吧