sh601011	宝泰隆	　6.46	+0.59	+10.051%	6.46	0.00	5.87	5.87	6.46	5.87	564,895	35,541.87	收藏	股吧
sh600084	中葡股份	　8.77	+0.80	+10.038%	8.77	0.00	7.97	7.85	8.77	7.63	835,374	69,820.12	收藏	股吧
sz000892	星美联合	　15.81	+1.44	+10.021%	15.81	0.00	14.37	15.81	15.81	15.81	19,154	3,028.32	收藏	股吧
sz002607	亚夏汽车	　13.07	+1.19	+10.017%	13.06	13.07	11.88	11.85	13.07	11.84	216,498	26,797.15	收藏	股吧
sz000413	东旭光电	　14.17	+1.29	+10.016%	14.17	0.00	12.88	12.77	14.17	12.77	3,516,461	482,577.75	收藏	股吧
sz002805	丰元股份	　23.84	+2.17	+10.014%	23.84	0.00	21.67	23.84	23.84	23.84	432	102.99	收藏	股吧
sz002803	吉宏股份	　19.67	+1.79	+10.011%	19.67	0.00	17.88	19.67	19.67	19.67	297	58.49	收藏	股吧
sz300521	爱司凯	　55.94	+5.09	+10.010%	55.94	0.00	50.85	55.94	55.94	55.94	546	305.43	收藏	股吧
sz300519	新光药业	　118.20	+10.75	+10.005%	118.20	0.00	107.45	118.20	118.20	118.20	52,447	61,992.93	收藏	股吧
sz002120	新海股份	　36.29	+3.30	+10.003%	36.29	0.00	32.99	36.29	36.29	36.29	3,119	1,131.97	收藏	股吧
sz300436	广生堂	　65.88	+5.99	+10.002%	65.88	0.00	59.89	61.71	65.88	61.50	108,596	69,677.41	收藏	股吧
sz002218	拓日新能	　11.11	+1.01	+10.000%	11.11	0.00	10.10	11.11	11.11	11.11	181,639	20,180.06	收藏	股吧
sz300517	海波重科	　19.25	+1.75	+10.000%	19.25	0.00	17.50	19.25	19.25	19.25	47	9.05	收藏	股吧
sz300522	世名科技	　92.22	+8.38	+9.995%	92.22	0.00	83.84	92.22	92.22	92.22	2,318	2,137.97	收藏	股吧
sz300520	科大国创	　37.53	+3.41	+9.994%	37.53	0.00	34.12	37.53	37.53	37.53	82	30.87	收藏	股吧
sz000835	长城动漫	　14.54	+1.32	+9.985%	14.54	0.00	13.22	14.54	14.54	14.54	2,929	425.81	收藏	股吧
sh603069	海汽集团	　11.81	+1.07	+9.963%	11.81	0.00	10.74	11.81	11.81	11.81	1,143	134.93	收藏	股吧
sh601168	西部矿业	　6.52	+0.59	+9.949%	6.52	0.00	5.93	6.52	6.52	6.52	5,486	357.68	收藏	股吧
sz000839	中信国安	　27.80	+2.50	+9.881%	27.79	27.80	25.30	25.18	27.83	24.84	1,492,073	393,036.46	收藏	股吧
sz300292	吴通控股	　44.07	+3.94	+9.818%	44.06	44.07	40.13	42.20	44.13	41.32	338,103	143,548.34	收藏	股吧
sz002115	三维通信	　14.16	+1.08	+8.257%	14.16	14.17	13.08	13.92	14.39	13.58	960,346	134,755.21	收藏	股吧
sh600860	京城股份	　11.25	+0.84	+8.069%	11.26	11.29	10.41	11.00	11.44	10.71	429,424	47,634.22	收藏	股吧
sz000851	高鸿股份	　14.75	+1.03	+7.507%	14.74	14.75	13.72	14.10	15.09	13.80	1,042,613	153,856.07	收藏	股吧
sz300378	鼎捷软件	　30.83	+2.08	+7.235%	30.82	30.83	28.75	28.90	31.63	28.77	115,931	35,597.08	收藏	股吧
sz000607	华媒控股	　10.10	+0.68	+7.219%	10.09	10.10	9.42	9.38	10.20	9.33	474,305	46,582.61	收藏	股吧
sz000040	东旭蓝天	　13.25	+0.88	+7.114%	13.25	13.26	12.37	12.38	13.48	12.20	179,556	23,115.30	收藏	股吧
sh600367	红星发展	　16.65	+1.10	+7.074%	16.75	16.77	15.55	15.30	16.97	15.23	388,727	63,288.98	收藏	股吧
sh600503	华丽家族	　10.11	+0.65	+6.871%	10.11	10.12	9.46	9.40	10.36	9.39	2,511,133	251,977.21	收藏	股吧
sz300409	道氏技术	　56.80	+3.65	+6.867%	56.80	56.81	53.15	53.49	57.80	53.03	78,568	43,871.13	收藏	股吧
sz300450	先导智能	　46.74	+2.96	+6.761%	46.72	46.74	43.78	43.20	47.56	43.12	330,384	150,747.16	收藏	股吧
sh603788	宁波高发	　48.05	+2.96	+6.565%	48.02	48.03	45.09	45.10	48.55	45.10	79,090	37,490.89	收藏	股吧
sh600707	彩虹股份	　13.28	+0.81	+6.496%	13.25	13.28	12.47	12.48	13.47	12.20	1,070,346	138,411.09	收藏	股吧
sh600119	长江投资	　21.73	+1.29	+6.311%	21.75	21.78	20.44	19.50	22.45	19.30	471,447	97,465.46	收藏	股吧
sh600516	方大炭素	　9.94	+0.55	+5.857%	9.93	9.94	9.39	9.36	10.15	9.35	1,604,451	157,564.14	收藏	股吧
sh600845	宝信软件	　25.95	+1.42	+5.789%	25.98	25.99	24.53	24.40	26.17	24.23	153,779	39,034.24	收藏	股吧
sh600287	江苏舜天	　11.04	+0.59	+5.646%	11.04	11.05	10.45	10.38	11.36	10.34	278,390	30,224.32	收藏	股吧
sz002007	华兰生物	　35.45	+1.89	+5.632%	35.45	35.47	33.56	35.91	36.91	34.80	317,976	113,785.99	收藏	股吧
sh600826	兰生股份	　30.97	+1.61	+5.484%	30.96	30.98	29.36	29.65	31.28	29.65	176,013	54,077.02	收藏	股吧
sh600155	宝硕股份	　15.45	+0.80	+5.461%	15.47	15.48	14.65	14.81	15.80	14.50	407,640	61,979.41	收藏	股吧
sz002535	林州重机	　8.18	+0.41	+5.277%	8.18	8.19	7.77	7.77	8.36	7.74	728,177	59,106.92	收藏	股吧
sh600797	浙大网新	　15.63	+0.78	+5.253%	15.62	15.63	14.85	14.75	15.99	14.75	321,239	50,077.01	收藏	股吧
sh601599	鹿港文化	　12.46	+0.62	+5.236%	12.44	12.47	11.84	11.70	12.50	11.61	484,286	58,549.20	收藏	股吧
sh600807	天业股份	　17.10	+0.84	+5.166%	17.05	17.06	16.26	16.45	17.43	16.20	905,449	151,997.78	收藏	股吧
sh600735	新华锦	　15.28	+0.75	+5.162%	15.29	15.30	14.53	14.50	15.80	14.50	212,509	32,376.43	收藏	股吧
sh600870	厦华电子	　11.89	+0.58	+5.128%	11.88	11.89	11.31	11.31	12.20	11.30	337,004	40,035.17	收藏	股吧
sh603222	济民制药	　16.38	+0.79	+5.067%	16.37	16.38	15.59	15.48	16.75	15.48	174,030	28,382.85	收藏	股吧
sz000913	*ST钱江	　14.83	+0.71	+5.028%	14.83	0.00	14.12	14.04	14.83	14.04	137,652	20,174.13	收藏	股吧
sz000636	风华高科	　9.82	+0.47	+5.027%	9.82	9.83	9.35	9.38	10.10	9.36	749,689	72,988.57	收藏	股吧
sz002284	亚太股份	　20.22	+0.96	+4.984%	20.21	20.22	19.26	19.20	20.90	19.20	789,852	158,450.68	收藏	股吧
sh603085	天成自控	　42.93	+2.03	+4.963%	42.91	42.92	40.90	40.90	44.36	40.90	61,164	26,348.08	收藏	股吧
sh600297	广汇汽车	　9.99	+0.47	+4.937%	9.98	9.99	9.52	9.52	10.16	9.45	1,243,349	122,344.40	收藏	股吧
sh600590	泰豪科技	　16.28	+0.76	+4.897%	16.26	16.28	15.52	15.64	16.74	15.64	288,590	47,101.57	收藏	股吧
sh600588	用友网络	　23.62	+1.10	+4.885%	23.59	23.60	22.52	22.19	24.09	22.12	623,621	145,902.13	收藏	股吧
sh603698	航天工程	　34.58	+1.59	+4.820%	34.57	34.59	32.99	33.66	36.20	33.11	102,921	35,824.65	收藏	股吧
sh600848	上海临港	　19.98	+0.89	+4.662%	19.96	19.98	19.09	19.41	20.80	18.82	138,136	27,720.84	收藏	股吧
sz300134	大富科技	　33.47	+1.47	+4.594%	33.47	33.48	32.00	32.05	34.66	32.01	538,054	179,255.69	收藏	股吧
sz300265	通光线缆	　14.18	+0.62	+4.572%	14.18	14.19	13.56	14.00	14.88	13.93	206,308	29,547.49	收藏	股吧
sz300042	朗科科技	　37.15	+1.60	+4.501%	37.15	37.18	35.55	35.17	37.97	35.02	46,398	17,130.15	收藏	股吧
sz300084	海默科技	　13.06	+0.56	+4.480%	13.06	13.07	12.50	12.58	13.25	12.50	148,704	19,231.65	收藏	股吧
sh600537	亿晶光电	　8.82	+0.37	+4.379%	8.81	8.82	8.45	8.40	9.08	8.37	1,174,799	103,222.96	收藏	股吧
sh600130	波导股份	　9.92	+0.41	+4.311%	9.91	9.92	9.51	9.40	10.24	9.36	720,745	70,303.53	收藏	股吧
sz002006	精功科技	　13.70	+0.56	+4.262%	13.70	13.71	13.14	13.20	14.41	13.18	200,193	27,617.84	收藏	股吧
sz300061	康耐特	　28.78	+1.17	+4.238%	28.77	28.78	27.61	27.00	29.33	26.70	124,486	34,804.11	收藏	股吧
sz002310	东方园林	　11.57	+0.47	+4.234%	11.57	11.58	11.10	10.88	11.99	10.71	680,462	77,732.57	收藏	股吧
sh601028	玉龙股份	　9.25	+0.37	+4.167%	9.24	9.25	8.88	8.95	9.55	8.95	469,875	43,572.47	收藏	股吧
sz000532	力合股份	　18.70	+0.73	+4.062%	18.70	18.71	17.97	17.90	19.10	17.66	212,255	39,163.95	收藏	股吧
sh601799	星宇股份	　46.31	+1.79	+4.021%	46.38	46.39	44.52	44.50	46.48	43.76	45,191	20,570.05	收藏	股吧
sz002506	协鑫集成	　7.00	+0.27	+4.012%	7.00	7.01	6.73	6.73	7.40	6.71	2,096,534	148,453.33	收藏	股吧
sz000571	新大洲Ａ	　7.87	+0.30	+3.963%	7.87	7.88	7.57	7.75	8.23	7.65	731,545	58,212.47	收藏	股吧
sh600435	北方导航	　17.41	+0.64	+3.816%	17.38	17.39	16.77	16.92	17.97	16.92	983,400	172,205.95	收藏	股吧
sz002442	龙星化工	　14.62	+0.53	+3.762%	14.61	14.62	14.09	14.18	14.72	14.12	71,738	10,439.79	收藏	股吧
sz002131	利欧股份	　19.74	+0.70	+3.676%	19.73	19.74	19.04	18.90	19.94	18.86	285,946	56,015.15	收藏	股吧
sz000739	普洛药业	　7.94	+0.28	+3.655%	7.93	7.94	7.66	8.00	8.23	7.82	449,153	36,033.63	收藏	股吧
sz002565	上海绿新	　8.24	+0.29	+3.648%	8.23	8.24	7.95	7.90	8.33	7.85	353,903	28,952.67	收藏	股吧
sz002125	湘潭电化	　21.40	+0.75	+3.632%	21.38	21.40	20.65	20.68	22.20	20.25	158,148	33,624.01	收藏	股吧
sh600191	华资实业	　14.38	+0.50	+3.602%	14.38	14.39	13.88	13.93	14.50	13.76	104,605	14,791.26	收藏	股吧
sz002222	福晶科技	　20.36	+0.70	+3.561%	20.36	20.37	19.66	20.00	20.97	18.88	827,872	163,420.74	收藏	股吧
sz300449	汉邦高科	　52.19	+1.78	+3.531%	52.18	52.19	50.41	50.26	53.18	50.01	52,128	27,284.80	收藏	股吧
sz002434	万里扬	　13.25	+0.45	+3.516%	13.25	13.26	12.80	12.80	13.35	12.74	131,647	17,310.90	收藏	股吧
sz000021	深科技	　11.20	+0.38	+3.512%	11.20	11.21	10.82	10.85	11.54	10.80	657,797	73,889.46	收藏	股吧