sz300261	雅本化学	　11.94	+1.09	+10.046%	11.94	0.00	10.85	10.96	11.94	10.68	61,646	7,052.36	收藏	股吧
sh600714	金瑞矿业	　12.60	+1.15	+10.044%	12.60	0.00	11.45	11.45	12.60	11.03	214,816	25,865.19	收藏	股吧
sh601611	中国核建	　10.74	+0.98	+10.041%	10.74	0.00	9.76	10.74	10.74	10.74	18,474	1,984.10	收藏	股吧
sh600360	华微电子	　11.51	+1.05	+10.038%	11.51	0.00	10.46	10.28	11.51	10.09	700,196	77,472.65	收藏	股吧
sh601137	博威合金	　11.95	+1.09	+10.037%	11.95	0.00	10.86	10.95	11.95	10.89	125,599	14,781.05	收藏	股吧
sz300316	晶盛机电	　13.60	+1.24	+10.032%	13.60	0.00	12.36	12.24	13.60	12.01	522,657	68,542.23	收藏	股吧
sz002326	永太科技	　18.54	+1.69	+10.030%	18.54	0.00	16.85	16.96	18.54	16.96	481,621	87,035.29	收藏	股吧
sz300400	劲拓股份	　34.71	+3.16	+10.016%	34.71	0.00	31.55	31.22	34.71	31.22	97,875	32,577.57	收藏	股吧
sz300444	双杰电气	　28.12	+2.56	+10.016%	28.12	0.00	25.56	28.12	28.12	26.88	188,777	52,465.35	收藏	股吧
sz300515	三德科技	　21.86	+1.99	+10.015%	21.86	0.00	19.87	21.86	21.86	21.86	98	21.42	收藏	股吧
sz300346	南大光电	　39.22	+3.57	+10.014%	39.22	0.00	35.65	35.67	39.22	35.15	123,339	47,266.58	收藏	股吧
sh600241	时代万恒	　17.03	+1.55	+10.013%	17.03	0.00	15.48	17.03	17.03	17.03	30,893	5,261.09	收藏	股吧
sz300198	纳川股份	　17.47	+1.59	+10.013%	17.47	0.00	15.88	15.95	17.47	15.71	437,758	72,588.45	收藏	股吧
sz002409	雅克科技	　21.65	+1.97	+10.010%	21.65	0.00	19.68	19.48	21.65	19.32	91,874	18,960.70	收藏	股吧
sz000971	高升控股	　24.40	+2.22	+10.009%	24.40	0.00	22.18	24.40	24.40	24.40	19,426	4,739.97	收藏	股吧
sz300350	华鹏飞	　36.38	+3.31	+10.009%	36.38	0.00	33.07	32.86	36.38	32.86	109,871	39,687.90	收藏	股吧
sz002352	鼎泰新材	　39.35	+3.58	+10.008%	39.35	0.00	35.77	39.35	39.35	37.50	366,491	143,095.18	收藏	股吧
sz002371	七星电子	　40.56	+3.69	+10.008%	40.56	0.00	36.87	36.80	40.56	36.07	191,521	75,074.07	收藏	股吧
sz300007	汉威电子	　23.42	+2.13	+10.005%	23.42	0.00	21.29	23.42	23.42	22.50	174,517	40,647.40	收藏	股吧
sh600071	凤凰光学	　27.71	+2.52	+10.004%	27.71	0.00	25.19	25.19	27.71	25.19	122,578	33,056.84	收藏	股吧
sz300458	全志科技	　116.24	+10.57	+10.003%	116.24	0.00	105.67	105.10	116.24	102.10	74,068	82,221.99	收藏	股吧
sz300508	维宏股份	　212.36	+19.31	+10.003%	212.36	0.00	193.05	198.00	212.36	190.63	40,310	82,336.69	收藏	股吧
sz300516	久之洋	　84.02	+7.64	+10.003%	84.02	0.00	76.38	84.02	84.02	84.02	765	643.10	收藏	股吧
sz002798	帝王洁具	　69.95	+6.36	+10.002%	69.95	0.00	63.59	69.95	69.95	69.95	44,529	31,148.20	收藏	股吧
sz300464	星徽精密	　49.05	+4.46	+10.002%	49.05	0.00	44.59	49.05	49.05	49.05	4,413	2,164.69	收藏	股吧
sz300492	山鼎设计	　51.03	+4.64	+10.002%	51.03	0.00	46.39	47.60	51.03	47.00	50,535	24,858.48	收藏	股吧
sh603508	思维列控	　99.54	+9.05	+10.001%	99.54	0.00	90.49	91.10	99.54	91.10	77,429	75,310.91	收藏	股吧
sh603528	多伦科技	　91.73	+8.34	+10.001%	91.73	0.00	83.39	84.40	91.73	83.41	91,198	80,306.47	收藏	股吧
sh600141	兴发集团	　11.77	+1.07	+10.000%	11.77	0.00	10.70	10.72	11.77	10.60	267,949	30,608.10	收藏	股吧
sh603005	晶方科技	　37.18	+3.38	+10.000%	37.18	0.00	33.80	33.53	37.18	33.53	140,271	49,744.33	收藏	股吧
sz002256	彩虹精化	　25.30	+2.30	+10.000%	25.30	0.00	23.00	25.30	25.30	25.30	30,745	7,778.49	收藏	股吧
sz002799	环球印务	　20.35	+1.85	+10.000%	20.35	0.00	18.50	20.35	20.35	20.35	200	40.76	收藏	股吧
sz300034	钢研高纳	　24.42	+2.22	+10.000%	24.42	0.00	22.20	22.14	24.42	22.00	185,816	43,679.97	收藏	股吧
sz300468	四方精创	　88.00	+8.00	+10.000%	88.00	0.00	80.00	80.00	88.00	78.02	56,479	47,016.54	收藏	股吧
sz300500	苏州设计	　85.03	+7.73	+10.000%	85.03	0.00	77.30	77.74	85.03	77.30	30,309	24,869.50	收藏	股吧
sz300513	恒泰实达	　58.30	+5.30	+10.000%	58.30	0.00	53.00	58.30	58.30	58.30	1,167	680.36	收藏	股吧
sz002778	高科石化	　48.19	+4.38	+9.998%	48.19	0.00	43.81	44.05	48.19	44.00	42,455	19,670.63	收藏	股吧
sh600892	宝诚股份	　57.66	+5.24	+9.996%	57.66	0.00	52.42	52.60	57.66	52.31	12,685	7,055.73	收藏	股吧
sh600345	长江通信	　21.02	+1.91	+9.995%	21.02	0.00	19.11	18.97	21.02	18.90	132,336	27,127.49	收藏	股吧
sz300285	国瓷材料	　42.70	+3.88	+9.995%	42.70	0.00	38.82	41.51	42.70	41.51	114,361	48,786.42	收藏	股吧
sh603737	三棵树	　54.15	+4.92	+9.994%	54.15	0.00	49.23	54.15	54.15	54.15	1,332	721.28	收藏	股吧
sz300210	森远股份	　15.74	+1.43	+9.993%	15.74	0.00	14.31	14.35	15.74	14.33	95,023	14,617.25	收藏	股吧
sz002402	和而泰	　25.76	+2.34	+9.991%	25.76	0.00	23.42	25.76	25.76	25.76	40,922	10,541.43	收藏	股吧
sz002800	天顺股份	　38.31	+3.48	+9.991%	38.31	0.00	34.83	38.31	38.31	38.31	734	281.24	收藏	股吧
sh603085	天成自控	　41.73	+3.79	+9.989%	41.73	0.00	37.94	37.92	41.73	37.60	42,667	17,163.14	收藏	股吧
sz300250	初灵信息	　29.08	+2.64	+9.985%	29.08	0.00	26.44	26.30	29.08	26.30	86,732	24,687.52	收藏	股吧
sh603131	上海沪工	　28.31	+2.57	+9.984%	28.31	0.00	25.74	28.31	28.31	28.31	162	45.86	收藏	股吧
sz002785	万里石	　26.33	+2.39	+9.983%	26.33	0.00	23.94	23.93	26.33	23.79	183,106	47,030.64	收藏	股吧
sh601127	小康股份	　11.14	+1.01	+9.970%	11.14	0.00	10.13	11.14	11.14	11.14	320	35.64	收藏	股吧
sz300066	三川智慧	　6.53	+0.59	+9.933%	6.53	0.00	5.94	6.53	6.53	6.47	460,470	30,049.45	收藏	股吧
sz002639	雪人股份	　9.77	+0.87	+9.775%	9.76	9.77	8.90	8.98	9.79	8.98	312,748	30,120.29	收藏	股吧
sz300401	花园生物	　26.89	+2.35	+9.576%	26.88	26.89	24.54	25.19	26.90	23.91	156,391	39,117.46	收藏	股吧
sz002715	登云股份	　34.82	+3.00	+9.428%	34.80	34.82	31.82	31.65	35.00	29.01	59,518	18,876.22	收藏	股吧
sz300328	宜安科技	　17.72	+1.50	+9.248%	17.71	17.72	16.22	16.00	17.80	15.70	200,471	33,877.67	收藏	股吧
sh600510	黑牡丹	　8.63	+0.73	+9.241%	8.61	8.62	7.90	8.69	8.69	8.44	259,892	22,451.66	收藏	股吧
sh603868	飞科电器	　53.96	+4.51	+9.120%	53.99	54.00	49.45	49.80	54.39	48.68	112,811	58,471.90	收藏	股吧
sh603806	福斯特	　53.82	+4.48	+9.080%	53.83	53.84	49.34	50.00	54.27	49.50	119,395	62,415.27	收藏	股吧
sh603021	山东华鹏	　40.63	+3.23	+8.636%	40.48	40.59	37.40	37.25	41.10	37.25	58,060	22,890.60	收藏	股吧
sh601020	华钰矿业	　28.74	+2.28	+8.617%	28.77	28.78	26.46	26.29	29.11	26.00	185,178	51,899.28	收藏	股吧
sz002322	理工环科	　17.99	+1.40	+8.439%	17.99	18.00	16.59	16.70	18.22	16.70	125,600	21,928.51	收藏	股吧
sh603968	醋化股份	　24.10	+1.86	+8.363%	24.08	24.09	22.24	22.20	24.18	22.10	75,537	17,534.47	收藏	股吧
sh603029	天鹅股份	　43.71	+3.35	+8.300%	43.71	43.76	40.36	40.45	44.40	40.01	91,137	39,238.97	收藏	股吧
sz002221	东华能源	　10.71	+0.82	+8.291%	10.70	10.71	9.89	9.99	10.80	9.92	230,066	24,062.24	收藏	股吧
sh603019	中科曙光	　37.49	+2.81	+8.103%	37.70	37.77	34.68	34.75	37.77	33.91	132,310	47,391.62	收藏	股吧
sz300098	高新兴	　14.88	+1.11	+8.061%	14.88	14.89	13.77	15.00	15.15	14.68	799,587	119,639.71	收藏	股吧
sz002643	万润股份	　56.68	+4.18	+7.962%	56.67	56.68	52.50	52.90	57.75	51.72	230,312	128,575.87	收藏	股吧
sz002079	苏州固锝	　9.78	+0.72	+7.947%	9.78	9.79	9.06	9.41	9.92	9.28	582,894	56,078.60	收藏	股吧
sh603818	曲美家居	　15.76	+1.14	+7.798%	15.77	15.78	14.62	14.57	15.87	14.50	137,106	21,078.68	收藏	股吧
sz002077	大港股份	　21.58	+1.52	+7.577%	21.56	21.58	20.06	19.80	22.07	19.35	125,051	26,133.22	收藏	股吧
sz002588	史丹利	　12.64	+0.89	+7.574%	12.63	12.64	11.75	11.75	12.86	11.66	229,291	28,526.25	收藏	股吧
sz300183	东软载波	　27.32	+1.92	+7.559%	27.32	27.33	25.40	26.20	27.85	26.20	202,794	54,938.92	收藏	股吧
sh603600	永艺股份	　58.33	+4.08	+7.521%	58.33	58.36	54.25	54.25	58.86	54.00	66,680	37,691.25	收藏	股吧
sz300483	沃施股份	　60.41	+4.21	+7.491%	60.40	60.41	56.20	56.01	61.82	55.55	43,509	26,148.12	收藏	股吧
sh600552	凯盛科技	　21.01	+1.45	+7.413%	21.00	21.03	19.56	19.81	21.18	19.25	149,736	30,336.08	收藏	股吧
sz002749	国光股份	　81.78	+5.63	+7.393%	81.72	81.78	76.15	75.60	83.75	75.60	23,990	19,349.79	收藏	股吧
sz002203	海亮股份	　8.15	+0.56	+7.378%	8.14	8.15	7.59	7.97	8.35	7.68	745,661	60,143.13	收藏	股吧
sz002577	雷柏科技	　51.40	+3.50	+7.307%	51.40	51.41	47.90	48.50	52.30	48.20	204,504	103,697.41	收藏	股吧
sh600990	四创电子	　79.96	+5.43	+7.286%	79.85	79.91	74.53	75.56	80.52	75.20	49,902	38,663.36	收藏	股吧
sz300095	华伍股份	　12.52	+0.85	+7.284%	12.52	12.53	11.67	11.62	12.52	11.59	104,271	12,696.26	收藏	股吧
sz300326	凯利泰	　23.29	+1.57	+7.228%	23.28	23.29	21.72	22.01	23.70	22.01	139,281	31,931.81	收藏	股吧