sh603421	N鼎信	　20.19	+6.17	+44.009%	20.19	0.00	14.02	16.82	20.19	16.82	187	37.48	收藏	股吧
sh600050	中国联通	　4.80	+0.44	+10.092%	4.80	0.00	4.36	4.35	4.80	4.32	4,617,290	217,340.44	收藏	股吧
sz002266	浙富控股	　6.77	+0.62	+10.081%	6.77	0.00	6.15	6.15	6.77	6.06	1,260,600	81,724.58	收藏	股吧
sh600614	鼎立股份	　9.85	+0.90	+10.056%	9.85	0.00	8.95	9.50	9.85	9.00	1,317,988	127,935.34	收藏	股吧
sh600173	卧龙地产	　9.54	+0.87	+10.035%	9.54	0.00	8.67	8.48	9.54	8.45	515,250	47,848.34	收藏	股吧
sz300308	中际装备	　16.45	+1.50	+10.033%	16.45	0.00	14.95	16.45	16.45	16.45	1,917	315.36	收藏	股吧
sh601128	常熟银行	　7.46	+0.68	+10.029%	7.46	0.00	6.78	7.46	7.46	7.46	610	45.52	收藏	股吧
sh601500	通用股份	　15.58	+1.42	+10.028%	15.58	0.00	14.16	13.90	15.58	13.70	596,472	86,053.48	收藏	股吧
sz300268	万福生科	　21.51	+1.96	+10.026%	21.51	0.00	19.55	19.60	21.51	19.32	94,245	19,874.14	收藏	股吧
sz300542	新晨科技	　30.64	+2.79	+10.018%	30.64	0.00	27.85	30.64	30.64	30.64	138	42.24	收藏	股吧
sh603887	城地股份	　19.22	+1.75	+10.017%	19.22	0.00	17.47	19.22	19.22	19.22	16	3.08	收藏	股吧
sz002078	太阳纸业	　7.14	+0.65	+10.015%	7.14	0.00	6.49	6.88	7.14	6.80	270,740	19,049.43	收藏	股吧
sz300423	鲁亿通	　38.01	+3.46	+10.014%	38.01	0.00	34.55	36.47	38.01	36.40	22,793	8,495.31	收藏	股吧
sz300545	联得装备	　28.46	+2.59	+10.012%	28.46	0.00	25.87	28.46	28.46	28.46	27	7.68	收藏	股吧
sh603999	读者传媒	　39.78	+3.62	+10.011%	39.78	0.00	36.16	36.83	39.78	35.61	270,696	103,440.88	收藏	股吧
sz300547	川环科技	　38.46	+3.50	+10.011%	38.46	0.00	34.96	38.46	38.46	38.46	25	9.62	收藏	股吧
sz300546	雄帝科技	　43.08	+3.92	+10.010%	43.08	0.00	39.16	43.08	43.08	43.08	44	18.96	收藏	股吧
sz000757	浩物股份	　11.65	+1.06	+10.009%	11.65	0.00	10.59	11.19	11.65	11.18	287,679	32,708.87	收藏	股吧
sz002468	艾迪西	　36.16	+3.29	+10.009%	36.15	36.16	32.87	32.85	36.16	32.40	280,837	96,595.42	收藏	股吧
sz300534	陇神戎发	　66.29	+6.03	+10.007%	66.29	0.00	60.26	60.12	66.29	60.12	102,794	65,847.19	收藏	股吧
sz300536	农尚环境	　33.86	+3.08	+10.006%	33.86	0.00	30.78	33.86	33.86	33.86	236	80.04	收藏	股吧
sz000678	襄阳轴承	　12.65	+1.15	+10.000%	12.65	0.00	11.50	11.40	12.65	11.26	485,469	58,805.78	收藏	股吧
sz000716	黑芝麻	　7.59	+0.69	+10.000%	7.59	0.00	6.90	6.93	7.59	6.90	497,314	36,846.52	收藏	股吧
sz002120	新海股份	　59.40	+5.40	+10.000%	59.40	0.00	54.00	53.90	59.40	53.40	52,099	29,709.84	收藏	股吧
sz002183	怡 亚 通	　12.87	+1.17	+10.000%	12.87	0.00	11.70	11.72	12.87	11.63	1,024,146	127,702.62	收藏	股吧
sz300164	通源石油	　9.13	+0.83	+10.000%	9.13	0.00	8.30	8.35	9.13	8.33	438,759	39,464.27	收藏	股吧
sz300549	优德精密	　26.18	+2.38	+10.000%	26.18	0.00	23.80	26.18	26.18	26.18	5	1.31	收藏	股吧
sh600053	九鼎投资	　49.30	+4.48	+9.996%	49.30	0.00	44.82	45.07	49.30	44.06	125,074	58,680.50	收藏	股吧
sz300541	先进数通	　55.02	+5.00	+9.996%	55.02	0.00	50.02	55.02	55.02	55.02	4,981	2,740.75	收藏	股吧
sh600908	无锡银行	　12.55	+1.14	+9.991%	12.55	0.00	11.41	12.55	12.55	12.55	9,203	1,154.95	收藏	股吧
sz002545	东方铁塔	　11.78	+1.07	+9.991%	11.78	0.00	10.71	10.61	11.78	10.51	282,212	31,777.65	收藏	股吧
sh603189	网达软件	　32.81	+2.98	+9.990%	32.81	0.00	29.83	32.81	32.81	32.81	1,722	564.89	收藏	股吧
sh603738	泰晶科技	　34.02	+3.09	+9.990%	34.02	0.00	30.93	34.02	34.02	34.02	70	23.81	收藏	股吧
sz000567	海德股份	　33.80	+3.07	+9.990%	33.80	0.00	30.73	33.80	33.80	33.80	58,394	19,737.04	收藏	股吧
sz002499	科林环保	　27.64	+2.51	+9.988%	27.64	0.00	25.13	24.71	27.64	24.41	198,116	52,536.62	收藏	股吧
sh601700	风范股份	　7.93	+0.72	+9.986%	7.93	0.00	7.21	7.22	7.93	7.19	275,196	20,907.00	收藏	股吧
sz000639	西王食品	　15.53	+1.41	+9.986%	15.53	0.00	14.12	15.53	15.53	15.53	1,655	257.04	收藏	股吧
sh601968	宝钢包装	　11.02	+1.00	+9.980%	11.02	0.00	10.02	9.99	11.02	9.86	415,711	43,811.08	收藏	股吧
sz000928	中钢国际	　16.31	+1.48	+9.980%	16.31	0.00	14.83	16.31	16.31	16.31	91,208	14,876.10	收藏	股吧
sh600110	诺德股份	　11.36	+1.03	+9.971%	11.36	0.00	10.33	10.40	11.36	10.32	1,010,250	110,539.05	收藏	股吧
sh600321	国栋建设	　4.86	+0.44	+9.955%	4.86	0.00	4.42	4.86	4.86	4.86	64,858	3,152.08	收藏	股吧
sz000520	长航凤凰	　7.52	+0.68	+9.942%	7.52	0.00	6.84	7.10	7.52	7.10	443,194	32,824.24	收藏	股吧
sz002256	彩虹精化	　7.19	+0.65	+9.939%	7.19	0.00	6.54	6.55	7.19	6.51	830,852	57,453.98	收藏	股吧
sh600233	大杨创世	　34.34	+3.09	+9.888%	34.25	34.30	31.25	31.80	34.38	31.49	459,740	150,568.72	收藏	股吧
sh600005	武钢股份	　3.34	+0.30	+9.868%	3.34	0.00	3.04	3.34	3.34	3.15	3,523,774	115,683.89	收藏	股吧
sz300184	力源信息	　19.82	+1.78	+9.867%	19.81	19.82	18.04	18.61	19.84	18.50	572,064	111,143.83	收藏	股吧
sh600105	永鼎股份	　11.56	+0.98	+9.263%	11.56	11.57	10.58	10.70	11.60	10.70	459,385	52,201.87	收藏	股吧
sh600917	重庆燃气	　15.17	+1.28	+9.215%	15.14	15.15	13.89	14.11	15.21	13.88	153,010	22,681.39	收藏	股吧
sh600136	当代明诚	　20.43	+1.64	+8.728%	20.43	20.47	18.79	20.67	20.67	19.70	140,152	28,217.72	收藏	股吧
sh600838	上海九百	　17.36	+1.37	+8.568%	17.36	17.37	15.99	16.50	17.50	16.50	582,505	98,780.37	收藏	股吧
sz002211	宏达新材	　18.70	+1.44	+8.343%	18.69	18.70	17.26	17.25	18.92	17.12	628,265	111,376.43	收藏	股吧
sz002619	巨龙管业	　24.70	+1.87	+8.191%	24.69	24.70	22.83	23.07	25.08	22.78	229,855	55,397.92	收藏	股吧
sz000652	泰达股份	　6.02	+0.45	+8.079%	6.02	6.03	5.57	5.55	6.13	5.55	847,313	50,442.16	收藏	股吧
sh600120	浙江东方	　33.51	+2.49	+8.027%	33.51	33.52	31.02	31.98	33.94	31.50	338,931	111,044.47	收藏	股吧
sz300282	汇冠股份	　30.73	+2.23	+7.825%	30.73	30.74	28.50	29.80	30.99	29.65	45,411	13,817.80	收藏	股吧
sz000563	陕国投Ａ	　7.15	+0.51	+7.681%	7.15	7.16	6.64	6.98	7.29	6.85	2,059,841	146,343.82	收藏	股吧
sz002519	银河电子	　26.79	+1.91	+7.677%	26.79	26.80	24.88	24.66	27.37	24.65	144,149	38,006.07	收藏	股吧
sz002314	南山控股	　9.26	+0.65	+7.549%	9.25	9.26	8.61	8.65	9.38	8.65	302,348	27,123.18	收藏	股吧
sz002718	友邦吊顶	　84.18	+5.82	+7.427%	84.18	84.20	78.36	78.18	85.88	77.41	24,735	20,186.56	收藏	股吧
sh600019	宝钢股份	　5.79	+0.40	+7.421%	5.79	5.80	5.39	5.70	5.83	5.55	2,568,441	145,630.79	收藏	股吧
sh600685	中船防务	　29.42	+2.03	+7.411%	29.42	29.44	27.39	28.00	30.10	27.99	123,976	36,325.67	收藏	股吧
sz000011	深物业A	　19.77	+1.36	+7.387%	19.77	19.78	18.41	18.10	20.25	17.85	615,131	119,580.05	收藏	股吧
sz002016	世荣兆业	　9.92	+0.68	+7.359%	9.91	9.92	9.24	9.18	9.98	9.17	217,507	20,653.79	收藏	股吧
sz002748	世龙实业	　20.87	+1.39	+7.136%	20.86	20.87	19.48	19.60	21.38	19.60	171,828	35,360.86	收藏	股吧
sz002411	必康股份	　27.48	+1.83	+7.135%	27.47	27.48	25.65	25.76	27.80	25.66	166,260	44,658.90	收藏	股吧
sh600979	广安爱众	　8.03	+0.52	+6.924%	8.06	8.08	7.51	7.56	8.26	7.55	527,133	42,829.18	收藏	股吧
sz000820	金城股份	　28.85	+1.82	+6.733%	28.84	28.85	27.03	27.05	29.15	27.05	80,693	22,915.23	收藏	股吧
sh600410	华胜天成	　14.15	+0.88	+6.631%	14.17	14.18	13.27	13.85	14.46	13.65	1,397,313	195,617.93	收藏	股吧
sh600593	大连圣亚	　43.08	+2.67	+6.607%	43.11	43.15	40.41	40.35	43.58	40.13	21,320	9,012.27	收藏	股吧
sh600318	新力金融	　32.97	+2.03	+6.561%	32.98	32.99	30.94	30.85	33.52	30.67	176,323	56,567.92	收藏	股吧
sh600791	京能置业	　8.50	+0.51	+6.383%	8.49	8.50	7.99	8.00	8.79	7.98	378,708	31,902.41	收藏	股吧
sh603067	振华股份	　27.67	+1.65	+6.341%	27.56	27.65	26.02	25.37	28.58	24.66	332,460	86,269.83	收藏	股吧
sz002243	通产丽星	　15.29	+0.91	+6.328%	15.29	15.30	14.38	14.26	15.82	14.24	324,443	49,666.74	收藏	股吧
sz000628	高新发展	　15.73	+0.93	+6.284%	15.73	15.74	14.80	15.08	16.20	14.86	169,225	26,410.02	收藏	股吧
sz000058	深 赛 格	　13.12	+0.77	+6.235%	13.12	13.13	12.35	12.60	13.37	12.46	487,238	62,939.43	收藏	股吧
sz000518	四环生物	　9.09	+0.53	+6.192%	9.09	9.10	8.56	9.17	9.42	8.81	1,450,777	133,222.97	收藏	股吧
sh603088	宁波精达	　50.95	+2.96	+6.168%	50.90	50.91	47.99	47.80	51.87	47.69	19,043	9,510.45	收藏	股吧
sh603808	歌力思	　32.11	+1.86	+6.149%	32.07	32.08	30.25	30.20	32.25	29.88	43,382	13,646.45	收藏	股吧
sz300174	元力股份	　46.68	+2.68	+6.091%	46.64	46.68	44.00	43.81	46.79	43.81	24,184	11,039.07	收藏	股吧
sz300531	优博讯	　122.75	+7.00	+6.048%	122.75	122.77	115.75	121.80	127.00	120.08	66,839	81,957.34	收藏	股吧