sz002495	佳隆股份	　7.65	+0.70	+10.072%	7.65	0.00	6.95	6.95	7.65	6.63	1,599,789	119,075.45	收藏	股吧
sh601500	通用股份	　11.41	+1.04	+10.029%	11.41	0.00	10.37	11.41	11.41	11.41	3,355	382.85	收藏	股吧
sz000035	中国天楹	　7.79	+0.71	+10.028%	7.79	0.00	7.08	7.59	7.79	7.46	666,438	51,667.49	收藏	股吧
sz000912	泸天化	　7.36	+0.67	+10.015%	7.36	0.00	6.69	6.97	7.36	6.65	107,986	7,835.94	收藏	股吧
sz002614	蒙发利	　15.27	+1.39	+10.014%	15.27	0.00	13.88	13.78	15.27	13.41	416,832	60,080.42	收藏	股吧
sz300536	农尚环境	　19.12	+1.74	+10.012%	19.12	0.00	17.38	19.12	19.12	19.12	52	9.94	收藏	股吧
sz000409	山东地矿	　11.21	+1.02	+10.010%	11.21	0.00	10.19	11.21	11.21	11.21	5,606	628.38	收藏	股吧
sh600696	匹凸匹	　13.63	+1.24	+10.008%	13.63	0.00	12.39	12.34	13.63	12.28	346,413	46,218.42	收藏	股吧
sz300543	朗科智能	　84.12	+7.65	+10.004%	84.12	0.00	76.47	84.12	84.12	84.12	359	301.68	收藏	股吧
sz300534	陇神戎发	　38.27	+3.48	+10.003%	38.27	0.00	34.79	38.27	38.27	38.27	85	32.53	收藏	股吧
sh603090	宏盛股份	　56.09	+5.10	+10.002%	56.09	0.00	50.99	56.09	56.09	56.09	2,464	1,382.19	收藏	股吧
sz002812	创新股份	　59.73	+5.43	+10.000%	59.73	0.00	54.30	59.73	59.73	59.73	615	367.51	收藏	股吧
sz300539	横河模具	　44.56	+4.05	+9.998%	44.56	0.00	40.51	44.56	44.56	44.56	1,664	741.67	收藏	股吧
sz300541	先进数通	　31.05	+2.82	+9.989%	31.05	0.00	28.23	31.05	31.05	31.05	94	29.19	收藏	股吧
sh600275	武昌鱼	　12.67	+1.15	+9.983%	12.67	0.00	11.52	12.67	12.67	12.45	426,233	53,973.65	收藏	股吧
sz300542	新晨科技	　17.30	+1.57	+9.981%	17.30	0.00	15.73	17.30	17.30	17.30	56	9.69	收藏	股吧
sh603189	网达软件	　18.52	+1.68	+9.976%	18.52	0.00	16.84	18.52	18.52	18.52	293	54.26	收藏	股吧
sh603067	振华股份	　17.20	+1.56	+9.974%	17.20	0.00	15.64	17.20	17.20	17.20	1,683	289.55	收藏	股吧
sh600908	无锡银行	　7.08	+0.64	+9.938%	7.08	0.00	6.44	7.08	7.08	7.08	499	35.34	收藏	股吧
sz000678	襄阳轴承	　12.28	+1.07	+9.545%	12.28	12.29	11.21	11.11	12.30	11.00	693,688	81,615.60	收藏	股吧
sh600139	西部资源	　12.09	+0.91	+8.140%	12.10	12.11	11.18	11.18	12.29	11.12	254,983	30,319.65	收藏	股吧
sh600242	中昌海运	　16.48	+0.93	+5.981%	16.53	16.57	15.55	15.60	17.00	15.42	87,761	14,416.46	收藏	股吧
sz000007	全新好	　25.00	+1.37	+5.798%	24.99	25.00	23.63	23.64	25.45	23.41	224,039	55,065.28	收藏	股吧
sz002759	天际股份	　28.65	+1.55	+5.720%	28.64	28.65	27.10	27.80	29.81	27.75	168,243	48,870.58	收藏	股吧
sh600746	江苏索普	　13.70	+0.70	+5.385%	13.68	13.69	13.00	13.04	13.85	12.90	204,165	27,346.29	收藏	股吧
sz002082	栋梁新材	　21.30	+1.05	+5.185%	21.29	21.30	20.25	20.10	22.26	19.93	297,361	63,269.53	收藏	股吧
sz002373	千方科技	　15.88	+0.78	+5.166%	15.87	15.88	15.10	16.19	16.61	15.75	481,476	77,700.63	收藏	股吧
sz000617	*ST济柴	　18.18	+0.87	+5.026%	18.18	0.00	17.31	18.18	18.18	18.18	5,708	1,037.73	收藏	股吧
sh600182	S佳通	　21.38	+1.02	+5.010%	21.38	0.00	20.36	21.00	21.38	20.40	126,613	26,568.10	收藏	股吧
sz002429	兆驰股份	　8.64	+0.41	+4.982%	8.63	8.64	8.23	8.27	8.95	8.21	748,491	64,498.90	收藏	股吧
sh601678	滨化股份	　6.06	+0.28	+4.844%	6.06	6.07	5.78	5.85	6.35	5.82	525,016	31,909.02	收藏	股吧
sh600510	黑牡丹	　9.61	+0.44	+4.798%	9.65	9.67	9.17	9.17	9.89	9.17	295,374	28,247.70	收藏	股吧
sz002511	中顺洁柔	　18.89	+0.83	+4.596%	18.89	18.90	18.06	18.07	19.20	18.07	85,507	16,096.08	收藏	股吧
sh603017	中衡设计	　22.09	+0.97	+4.593%	22.12	22.15	21.12	21.05	22.98	20.95	94,384	20,890.41	收藏	股吧
sz002045	国光电器	　13.10	+0.56	+4.466%	13.09	13.10	12.54	12.60	13.36	12.60	409,675	53,615.60	收藏	股吧
sz300228	富瑞特装	　16.31	+0.69	+4.417%	16.30	16.31	15.62	15.63	17.18	15.63	360,591	59,859.27	收藏	股吧
sz300238	冠昊生物	　48.91	+2.05	+4.375%	48.91	48.92	46.86	47.34	49.90	46.63	68,247	33,367.12	收藏	股吧
sh600077	宋都股份	　6.21	+0.26	+4.370%	6.19	6.20	5.95	5.92	6.35	5.89	575,293	35,430.03	收藏	股吧
sz300348	长亮科技	　27.71	+1.16	+4.369%	27.70	27.71	26.55	26.56	29.21	26.45	123,372	34,870.75	收藏	股吧
sh600538	国发股份	　12.99	+0.52	+4.170%	13.00	13.01	12.47	12.35	13.22	12.27	110,614	14,351.54	收藏	股吧
sz300522	世名科技	　127.98	+4.85	+3.939%	127.98	127.99	123.13	121.90	129.28	120.01	50,186	63,309.62	收藏	股吧
sz300355	蒙草生态	　12.68	+0.48	+3.934%	12.67	12.68	12.20	12.00	13.15	11.82	1,521,243	189,690.17	收藏	股吧
sz000790	华神集团	　14.80	+0.56	+3.933%	14.80	14.81	14.24	14.42	15.48	14.16	241,709	35,547.13	收藏	股吧
sz002513	*ST蓝丰	　14.76	+0.55	+3.871%	14.75	14.76	14.21	14.92	14.92	14.60	35,969	5,341.82	收藏	股吧
sz002512	达华智能	　18.66	+0.68	+3.782%	18.65	18.66	17.98	18.88	19.73	18.57	192,023	36,269.23	收藏	股吧
sz002622	永大集团	　11.02	+0.40	+3.766%	11.01	11.02	10.62	10.69	11.25	10.60	332,494	36,630.77	收藏	股吧
sz000518	四环生物	　6.72	+0.23	+3.544%	6.72	6.73	6.49	6.50	6.92	6.50	316,026	21,375.39	收藏	股吧
sz002494	华斯股份	　15.87	+0.53	+3.455%	15.87	15.88	15.34	15.34	16.28	15.34	146,015	23,182.46	收藏	股吧
sh603598	引力传媒	　20.91	+0.69	+3.412%	20.91	20.96	20.22	20.36	21.80	20.32	72,819	15,487.55	收藏	股吧
sz300531	优博讯	　91.00	+3.00	+3.409%	90.99	91.00	88.00	86.32	96.67	86.32	53,318	48,906.88	收藏	股吧
sh600121	郑州煤电	　5.77	+0.19	+3.405%	5.76	5.77	5.58	5.56	6.09	5.53	389,115	22,661.19	收藏	股吧
sz300194	福安药业	　23.72	+0.78	+3.400%	23.72	23.73	22.94	22.80	24.18	22.80	66,304	15,629.38	收藏	股吧
sz001896	豫能控股	　9.45	+0.31	+3.392%	9.45	9.46	9.14	9.30	9.95	9.24	296,554	28,394.23	收藏	股吧
sz300215	电科院	　23.03	+0.74	+3.320%	23.03	23.04	22.29	22.31	23.43	22.27	208,851	47,871.44	收藏	股吧
sh600488	天药股份	　6.32	+0.20	+3.268%	6.30	6.31	6.12	6.33	6.60	6.30	324,801	20,861.93	收藏	股吧
sz300288	朗玛信息	　30.66	+0.95	+3.198%	30.65	30.66	29.71	29.78	30.66	29.00	32,937	9,778.89	收藏	股吧
sz000755	山西三维	　9.39	+0.28	+3.074%	9.39	9.40	9.11	9.25	9.80	8.95	714,742	67,036.94	收藏	股吧
sz002097	山河智能	　9.76	+0.29	+3.062%	9.76	9.77	9.47	9.48	10.24	9.26	475,152	46,852.36	收藏	股吧
sh603999	读者传媒	　32.15	+0.93	+2.979%	32.09	32.10	31.22	30.90	33.25	30.82	174,384	56,314.02	收藏	股吧
sh601339	百隆东方	　6.31	+0.18	+2.936%	6.30	6.31	6.13	6.10	6.35	6.10	218,817	13,710.75	收藏	股吧
sz000608	阳光股份	　7.71	+0.21	+2.800%	7.70	7.71	7.50	7.46	7.82	7.33	225,630	17,275.96	收藏	股吧
sh600847	万里股份	　33.98	+0.90	+2.721%	33.80	33.87	33.08	33.16	35.49	33.00	109,545	37,391.13	收藏	股吧
sz000656	金科股份	　5.45	+0.14	+2.637%	5.45	5.46	5.31	5.28	5.70	5.17	5,648,349	305,490.41	收藏	股吧
sz000913	*ST钱江	　18.33	+0.46	+2.574%	18.32	18.33	17.87	18.00	18.65	17.89	87,501	16,032.81	收藏	股吧
sz002354	天神娱乐	　72.20	+1.76	+2.499%	72.19	72.20	70.44	72.00	73.90	71.62	35,223	25,659.10	收藏	股吧
sz002703	浙江世宝	　42.58	+1.02	+2.454%	42.57	42.58	41.56	40.89	44.46	40.57	271,955	116,928.25	收藏	股吧
sh600116	三峡水利	　10.06	+0.24	+2.444%	10.08	10.09	9.82	9.70	10.36	9.61	1,343,964	134,523.43	收藏	股吧
sz300396	迪瑞医疗	　46.63	+1.11	+2.438%	46.52	46.63	45.52	45.40	47.80	45.20	18,576	8,667.77	收藏	股吧
sz002756	永兴特钢	　24.97	+0.59	+2.420%	24.97	24.98	24.38	24.39	25.37	24.38	72,902	18,276.40	收藏	股吧
sh600885	宏发股份	　32.54	+0.76	+2.391%	32.54	32.55	31.78	31.60	32.77	31.34	44,311	14,356.91	收藏	股吧
sh600088	中视传媒	　24.49	+0.57	+2.383%	24.50	24.52	23.92	26.23	26.28	24.11	67,655	16,817.26	收藏	股吧
sz300207	欣旺达	　15.51	+0.36	+2.376%	15.51	15.52	15.15	14.80	15.90	14.71	505,395	78,106.44	收藏	股吧
sh600409	三友化工	　8.36	+0.18	+2.200%	8.34	8.35	8.18	8.24	8.53	8.20	285,296	23,910.81	收藏	股吧
sz000836	鑫茂科技	　8.43	+0.18	+2.182%	8.42	8.43	8.25	8.25	8.74	8.25	492,640	41,689.86	收藏	股吧
sh603968	醋化股份	　25.38	+0.53	+2.133%	25.37	25.38	24.85	24.84	25.84	24.76	65,778	16,745.44	收藏	股吧
sz300516	久之洋	　126.90	+2.65	+2.133%	126.89	126.90	124.25	124.00	127.50	123.20	21,607	27,274.23	收藏	股吧
sh600083	博信股份	　21.12	+0.44	+2.128%	21.08	21.09	20.68	20.75	21.31	20.55	43,916	9,250.98	收藏	股吧
sz000008	神州高铁	　9.22	+0.19	+2.104%	9.22	9.23	9.03	9.02	9.35	9.02	141,483	13,000.31	收藏	股吧
sh600751	天海投资	　9.33	+0.19	+2.079%	9.29	9.34	9.14	9.01	9.48	8.99	598,299	55,599.01	收藏	股吧
sz300038	梅泰诺	　44.60	+0.90	+2.059%	44.58	44.60	43.70	43.70	45.66	43.08	146,077	65,218.84	收藏	股吧