sz000755	山西三维	　8.43	+0.77	+10.052%	8.43	0.00	7.66	7.70	8.43	7.69	216,606	17,756.86	收藏	股吧
sh600874	创业环保	　8.99	+0.82	+10.037%	8.99	0.00	8.17	8.99	8.99	8.99	59,349	5,335.45	收藏	股吧
sz000582	北部湾港	　19.75	+1.80	+10.028%	19.75	0.00	17.95	19.75	19.75	19.75	7,751	1,530.90	收藏	股吧
sz000935	四川双马	　16.46	+1.50	+10.027%	16.46	0.00	14.96	16.20	16.46	15.77	202,857	33,136.14	收藏	股吧
sh600678	四川金顶	　13.83	+1.26	+10.024%	13.83	0.00	12.57	12.59	13.83	12.55	517,520	69,412.70	收藏	股吧
sz300011	鼎汉技术	　21.85	+1.99	+10.020%	21.85	0.00	19.86	20.11	21.85	20.11	215,114	45,447.03	收藏	股吧
sz300153	科泰电源	　26.47	+2.41	+10.017%	26.47	0.00	24.06	24.44	26.47	24.10	199,975	51,550.46	收藏	股吧
sz300539	横河模具	　18.89	+1.72	+10.017%	18.89	0.00	17.17	18.89	18.89	18.89	47	8.88	收藏	股吧
sh600146	商赢环球	　29.55	+2.69	+10.015%	29.55	0.00	26.86	27.67	29.55	26.88	373,987	107,348.99	收藏	股吧
sz002122	天马股份	　7.58	+0.69	+10.015%	7.58	0.00	6.89	6.89	7.58	6.86	313,863	23,503.51	收藏	股吧
sz000524	岭南控股	　18.24	+1.66	+10.012%	18.24	0.00	16.58	16.48	18.24	16.46	265,623	46,862.94	收藏	股吧
sz002810	山东赫达	　37.03	+3.37	+10.012%	37.03	0.00	33.66	37.03	37.03	37.03	261	96.65	收藏	股吧
sz002807	江阴银行	　10.77	+0.98	+10.010%	10.77	0.00	9.79	10.77	10.77	10.77	7,053	759.60	收藏	股吧
sz000605	渤海股份	　27.92	+2.54	+10.008%	27.92	0.00	25.38	24.85	27.92	24.50	330,296	87,039.08	收藏	股吧
sz300537	广信材料	　28.36	+2.58	+10.008%	28.36	0.00	25.78	28.36	28.36	28.36	71	20.14	收藏	股吧
sh600758	红阳能源	　17.81	+1.62	+10.006%	17.81	0.00	16.19	16.25	17.81	16.19	255,009	44,399.56	收藏	股吧
sh603031	安德利	　64.10	+5.83	+10.005%	64.10	0.00	58.27	64.10	64.10	64.10	4,173	2,674.76	收藏	股吧
sz000925	众合科技	　21.66	+1.97	+10.005%	21.66	0.00	19.69	19.98	21.66	19.98	74,995	16,099.43	收藏	股吧
sh600749	西藏旅游	　23.87	+2.17	+10.000%	23.87	0.00	21.70	21.85	23.87	21.60	239,641	54,662.98	收藏	股吧
sh603986	兆易创新	　153.89	+13.99	+10.000%	153.89	0.00	139.90	153.89	153.89	153.89	1,812	2,788.36	收藏	股吧
sz002729	好利来	　99.00	+9.00	+10.000%	99.00	0.00	90.00	90.00	99.00	88.66	25,324	24,296.24	收藏	股吧
sz300540	深冷股份	　82.83	+7.53	+10.000%	82.83	0.00	75.30	82.83	82.83	82.83	3,465	2,870.42	收藏	股吧
sz300538	同益股份	　59.19	+5.38	+9.998%	59.19	0.00	53.81	59.19	59.19	59.19	308	182.31	收藏	股吧
sh603007	花王股份	　43.57	+3.96	+9.997%	43.57	0.00	39.61	43.57	43.57	43.57	1,618	704.86	收藏	股吧
sh600506	香梨股份	　29.61	+2.69	+9.993%	29.61	0.00	26.92	28.01	29.61	28.01	39,537	11,614.64	收藏	股吧
sz002587	奥拓电子	　14.53	+1.32	+9.992%	14.53	0.00	13.21	13.20	14.53	13.08	397,985	55,765.55	收藏	股吧
sh603090	宏盛股份	　23.78	+2.16	+9.991%	23.78	0.00	21.62	23.78	23.78	23.78	156	37.10	收藏	股吧
sh603658	安图生物	　37.21	+3.38	+9.991%	37.21	0.00	33.83	37.21	37.21	37.21	209	77.78	收藏	股吧
sz300543	朗科智能	　35.67	+3.24	+9.991%	35.67	0.00	32.43	35.67	35.67	35.67	10	3.57	收藏	股吧
sz000615	京汉股份	　9.91	+0.90	+9.989%	9.91	0.00	9.01	8.90	9.91	8.85	355,030	34,281.54	收藏	股吧
sh600126	杭钢股份	　8.59	+0.78	+9.987%	8.59	0.00	7.81	8.59	8.59	8.25	330,666	28,182.91	收藏	股吧
sz300306	远方光电	　25.22	+2.29	+9.987%	25.22	0.00	22.93	25.00	25.22	23.86	103,704	25,636.78	收藏	股吧
sh600640	号百控股	　21.93	+1.99	+9.980%	21.93	0.00	19.94	19.94	21.93	19.81	327,557	70,141.37	收藏	股吧
sh603843	正平股份	　10.60	+0.96	+9.959%	10.60	0.00	9.64	10.60	10.60	10.60	489	51.83	收藏	股吧
sh601002	晋亿实业	　9.50	+0.86	+9.954%	9.50	0.00	8.64	8.63	9.50	8.58	569,661	53,004.67	收藏	股吧
sz000413	东旭光电	　15.39	+1.12	+7.849%	15.39	15.40	14.27	14.68	15.70	14.53	4,997,163	763,721.47	收藏	股吧
sz300117	嘉寓股份	　7.30	+0.53	+7.829%	7.29	7.30	6.77	6.90	7.35	6.90	773,716	55,122.81	收藏	股吧
sz002562	兄弟科技	　15.90	+1.05	+7.071%	15.90	15.91	14.85	14.68	16.30	14.65	358,051	56,031.52	收藏	股吧
sh600275	武昌鱼	　10.31	+0.67	+6.950%	10.34	10.35	9.64	9.56	10.59	9.56	339,946	34,605.38	收藏	股吧
sh600418	江淮汽车	　14.14	+0.91	+6.878%	14.13	14.14	13.23	13.60	14.55	13.60	1,366,618	194,552.15	收藏	股吧
sz300508	维宏股份	　156.94	+9.78	+6.646%	156.93	156.94	147.16	148.00	161.88	146.77	30,411	47,890.43	收藏	股吧
sh600328	兰太实业	　14.57	+0.85	+6.195%	14.56	14.57	13.72	13.70	14.90	13.68	187,039	26,974.98	收藏	股吧
sz002626	金达威	　17.55	+0.94	+5.659%	17.55	17.56	16.61	16.61	17.98	16.51	244,487	42,262.57	收藏	股吧
sh600917	重庆燃气	　12.96	+0.68	+5.537%	12.98	12.99	12.28	12.21	13.40	12.15	100,328	12,859.79	收藏	股吧
sh603869	北部湾旅	　35.85	+1.86	+5.472%	35.83	35.84	33.99	34.00	36.62	33.40	72,618	25,655.95	收藏	股吧
sz000985	大庆华科	　28.25	+1.46	+5.450%	28.25	28.27	26.79	27.20	29.30	26.83	79,077	22,238.39	收藏	股吧
sh603616	韩建河山	　18.57	+0.95	+5.392%	18.58	18.70	17.62	18.30	19.38	18.14	521,664	98,127.79	收藏	股吧
sh600496	精工钢构	　4.70	+0.24	+5.381%	4.69	4.70	4.46	4.45	4.83	4.43	706,462	32,841.40	收藏	股吧
sz300054	鼎龙股份	　25.98	+1.32	+5.353%	25.97	25.98	24.66	24.66	26.47	24.50	80,543	20,881.24	收藏	股吧
sz300484	蓝海华腾	　102.00	+5.11	+5.274%	101.98	102.00	96.89	97.70	104.49	97.50	45,045	45,637.74	收藏	股吧
sz000820	金城股份	　26.98	+1.34	+5.226%	26.98	26.99	25.64	25.65	27.28	25.65	97,812	26,093.47	收藏	股吧
sh600182	S佳通	　18.47	+0.88	+5.003%	18.47	0.00	17.59	18.47	18.47	18.47	5,375	992.76	收藏	股吧
sh600965	福成股份	　13.03	+0.62	+4.996%	13.01	13.02	12.41	12.41	13.37	12.41	205,350	26,623.52	收藏	股吧
sh600213	亚星客车	　15.06	+0.70	+4.875%	15.06	15.07	14.36	14.58	15.80	14.58	173,748	26,708.46	收藏	股吧
sz000836	鑫茂科技	　8.14	+0.37	+4.762%	8.13	8.14	7.77	7.77	8.17	7.77	609,036	48,582.43	收藏	股吧
sz300115	长盈精密	　28.70	+1.30	+4.745%	28.68	28.70	27.40	27.53	29.28	27.53	158,751	45,497.40	收藏	股吧
sh600652	游久游戏	　14.63	+0.65	+4.649%	14.62	14.64	13.98	13.99	15.08	13.95	432,304	63,233.89	收藏	股吧
sz000995	*ST皇台	　14.96	+0.66	+4.615%	14.95	14.96	14.30	14.18	15.02	14.05	71,577	10,623.60	收藏	股吧
sh600856	中天能源	　11.58	+0.51	+4.607%	11.56	11.57	11.07	11.19	11.73	11.07	251,457	28,877.68	收藏	股吧
sz300019	硅宝科技	　16.38	+0.72	+4.598%	16.38	16.39	15.66	15.73	16.85	15.45	193,164	31,202.99	收藏	股吧
sz002427	尤夫股份	　22.23	+0.96	+4.513%	22.23	22.24	21.27	21.35	22.88	21.23	172,025	38,312.29	收藏	股吧
sz002580	圣阳股份	　18.22	+0.77	+4.413%	18.21	18.22	17.45	17.70	18.59	17.70	159,047	29,023.79	收藏	股吧
sz002353	杰瑞股份	　18.18	+0.76	+4.363%	18.18	18.19	17.42	18.90	18.90	18.08	468,651	86,517.08	收藏	股吧
sz002246	北化股份	　13.20	+0.55	+4.348%	13.20	13.21	12.65	12.62	13.68	12.51	182,753	23,944.74	收藏	股吧
sz002541	鸿路钢构	　19.48	+0.81	+4.339%	19.48	19.49	18.67	18.77	19.54	18.68	63,956	12,295.26	收藏	股吧
sz002173	*ST创疗	　20.80	+0.84	+4.208%	20.80	20.81	19.96	20.01	20.95	20.01	38,023	7,878.24	收藏	股吧
sz000519	江南红箭	　13.88	+0.56	+4.204%	13.88	13.89	13.32	13.55	14.65	13.55	529,825	74,842.73	收藏	股吧
sz002433	太安堂	　11.21	+0.45	+4.182%	11.20	11.21	10.76	10.97	11.48	10.96	798,208	89,955.56	收藏	股吧
sh600495	晋西车轴	　7.56	+0.30	+4.132%	7.55	7.57	7.26	7.27	7.88	7.24	844,477	64,410.20	收藏	股吧
sz000717	*ST韶钢	　4.07	+0.16	+4.092%	4.06	4.07	3.91	4.01	4.10	3.98	460,994	18,689.40	收藏	股吧
sz002667	鞍重股份	　34.86	+1.37	+4.091%	34.86	34.87	33.49	33.90	35.96	33.60	87,357	30,480.22	收藏	股吧
sh600462	九有股份	　8.16	+0.32	+4.082%	8.13	8.16	7.84	7.84	8.19	7.83	190,751	15,436.20	收藏	股吧
sz002194	武汉凡谷	　18.48	+0.71	+3.995%	18.47	18.48	17.77	17.78	18.53	17.65	92,684	16,833.49	收藏	股吧
sz300351	永贵电器	　28.83	+1.10	+3.967%	28.83	28.84	27.73	27.74	29.50	27.74	137,606	39,758.23	收藏	股吧
sh603111	康尼机电	　14.48	+0.55	+3.948%	14.49	14.50	13.93	14.19	15.14	14.14	341,175	49,853.33	收藏	股吧
sz000070	特发信息	　29.00	+1.09	+3.905%	29.00	29.01	27.91	27.80	30.20	27.72	154,712	45,033.47	收藏	股吧
sz002058	威 尔 泰	　25.96	+0.97	+3.882%	25.95	25.96	24.99	24.99	25.97	24.84	74,617	19,014.37	收藏	股吧
sz300382	斯莱克	　45.85	+1.71	+3.874%	45.83	45.85	44.14	44.27	46.39	44.27	19,688	8,985.17	收藏	股吧
sh600619	海立股份	　12.69	+0.47	+3.846%	12.69	12.70	12.22	12.25	12.78	12.19	144,260	18,182.35	收藏	股吧
sh600769	祥龙电业	　11.38	+0.42	+3.832%	11.37	11.38	10.96	10.96	11.46	10.96	92,436	10,451.74	收藏	股吧